18960 15756994021217552912 0 20 8
82916 8246454382982415332 0 20 22
150992 9132962153586904528 0 20 14
169323 14853092802257130859 0 20 10
174857 15068162942988102409 0 20 28
176927 8158449299938784031 20 0 3
182571 9945109962983393579 0 20 34
192210 17521242372845006546 20 0 7
195712 2160141444094033024 0 20 16
213801 13029772240215032617 20 0 0
229907 6776550732133007891 20 0 1
265972 9920362528980078324 20 0 9
288589 17851474626581129037 0 20 32
325690 6781869392856938554 0 20 40
411768 6929008203835787384 0 20 22
415079 54204775493162343 0 20 20
544341 8576740485627399765 0 20 12
545378 15937386747390349922 0 20 20
557603 16889239366924796451 20 0 5
570739 5920184153184712051 20 0 5
576118 16115648647356009078 0 20 14
598458 8331452557927457210 0 20 16
619664 1408282020219024528 0 20 28
624582 15526316789106051014 0 20 24
625125 13230551250020960741 0 20 4
626243 18426842972507704899 0 20 38
634140 5001811132064312604 0 20 30
635895 894064199144682487 0 20 6
638069 1401367798681812085 0 20 2
646639 11273544341075385839 0 20 26
661292 12017637649440970540 0 20 22
676012 12153321737443496108 0 20 14
677783 1034879733555943319 0 20 14
709556 12032594192761541556 0 20 16
709775 2736351170188431 0 20 12
719588 15978015883537349348 0 20 18
720438 927227276679642678 0 20 36
721624 7237600506328842968 0 20 24
728033 647944876048718817 0 20 17
781384 5357634346847824968 0 20 6
862055 13203912137016944487 0 20 4
901629 12860303988701905405 0 20 8
933489 7460973668342840945 0 20 16
1008515 12533025108463149955 20 0 7
1018024 2041662757626939560 20 0 11
1044789 964725348599066933 0 20 18
